00000000000000000000000000000000
00100001010000000000000000000011
10001101011000000000000000000000
10001101100000000000000000000001
10001001111010110110000000000000
00011101111010100000000000001101
10001101101000000000000000000010
00000101101011010000000000000011 
00100001001000000000000000000111
10101101001000000000000000000011
10101101101000000000000000000010
00001000000000000000000000010011
10001101110000000000000000000011
00100001001000000000000000000110
10101101001000000000000000000010
00000101110011100000000000000010
10101101110000000000000000000011
00001000000000000000000000010011
00000000000000000000000000000000
00100001010000000000000000000011
10001101011000000000000000000100
10001101100000000000000000000101
10001001111010110110000000000000
00011101111010100000000000011111
10001101101000000000000000000010
00000101101011010000000000000011 
00100001001000000000000000000111
10101101001000000000000000000011
10101101101000000000000000000010
00001000000000000000000000100101
10001101110000000000000000000011
00100001001000000000000000000110
10101101001000000000000000000010
00000101110011100000000000000010
10101101110000000000000000000011
00001000000000000000000000100101
00001000000000000000000000100101
